SIMSETDEF Miyasho2001KhStudy SIM_NEUR_PURKINJE_MIYASHO2001_KH
%cmd    id            curr  vInit delay stimDur tStep tStop   rcdintvl KhSoma   KhSmooth  KhSpiny
SIMDEFN KhStudy-0800A -0.80 -65.0 20.0  400.0   0.025 1000.0  0.1      0.0005   0.0000    0.0000
SIMDEFN KhStudy-0600A -0.60 -65.0 20.0  400.0   0.025 1000.0  0.1      0.0005   0.0000    0.0000  
SIMDEFN KhStudy-0400A -0.40 -65.0 20.0  400.0   0.025 1000.0  0.1      0.0005   0.0000    0.0000  
SIMDEFN KhStudy-0200A -0.20 -65.0 20.0  400.0   0.025 1000.0  0.1      0.0005   0.0000    0.0000  
%SIMDEFN KhStudy+0000A -0.00 -65.0 20.0  400.0   0.025 1000.0  0.1      0.0005   0.0000    0.0000   
%SIMDEFN KhStudy+0200A  0.20 -65.0 20.0  400.0   0.025 10000.0 0.1      0.0005   0.0000    0.0000   
%SIMDEFN KhStudy+0400A  0.40 -65.0 20.0  400.0   0.025 1000.0  0.1      0.0005   0.0000    0.0000   
% SIMDEF  KhStudy+0600A  0.60 -65.0 20.0  400.0   0.025 1000.0  0.1      0.0005   0.0000    0.0000
% SIMDEF  KhStudy+0800A  0.80 -65.0 20.0  400.0   0.025 1000.0  0.1      0.0005   0.0000    0.0000
% SIMDEF  KhStudy+1000A  1.00 -65.0 20.0  400.0   0.025 1000.0  0.1      0.0005   0.0000    0.0000
% SIMDEF  KhStudy+1200A  1.20 -65.0 20.0  400.0   0.025 1000.0  0.1      0.0005   0.0000    0.0000
% SIMDEF  KhStudy+1400A  1.40 -65.0 20.0  400.0   0.025 1000.0  0.1      0.0005   0.0000    0.0000
% SIMDEF  KhStudy+1600A  1.60 -65.0 20.0  400.0   0.025 1000.0  0.1      0.0005   0.0000    0.0000
% SIMDEF  KhStudy+1800A  1.80 -65.0 20.0  400.0   0.025 1000.0  0.1      0.0005   0.0000    0.0000
% SIMDEF  KhStudy+2000A  2.00 -65.0 20.0  400.0   0.025 1000.0  0.1      0.0005   0.0000    0.0000
% SIMDEF  KhStudy+2200A  2.20 -65.0 20.0  400.0   0.025 1000.0  0.1      0.0005   0.0000    0.0000
% SIMDEF  KhStudy+2400A  2.40 -65.0 20.0  400.0   0.025 1000.0  0.1      0.0005   0.0000    0.0000
% SIMDEF  KhStudy+2600A  2.60 -65.0 20.0  400.0   0.025 1000.0  0.1      0.0005   0.0000    0.0000
% SIMDEF  KhStudy+2800A  2.80 -65.0 20.0  400.0   0.025 1000.0  0.1      0.0005   0.0000    0.0000
% SIMDEF  KhStudy+3000A  3.00 -65.0 20.0  400.0   0.025 1000.0  0.1      0.0005   0.0000    0.0000

